acc = 0.3340823970037453
eval_loss = 1.1006328942520278
f1 = 33.408
mcc = 0.008951117003613389
uar = 33.914
