acc = 0.7220973782771536
eval_loss = 0.8532282018568367
f1 = 72.2097
mcc = 0.684572590196904
uar = 70.2297
