acc = 0.36179775280898874
eval_loss = 1.0990643490638052
f1 = 36.18
mcc = -0.013541143824119332
uar = 33.169
